
power = 2842.0968781007
throughput = 5970.05
composite = 4119.1577375848
